0 00000000
1 00000001
2 00000010
3 00000011
4 00000100
5 00000101
6 00000110
7 00000111
8 00001000
9 00001001
10 00001010
11 00001011
12 00001100
13 00001101
14 00001110
15 00001111
16 00010000
17 00010001
18 00010010
19 00010011
20 00010100
21 00010101
22 00010110
23 00010111
24 00011000
25 00011001
26 00011010
27 00011011
28 00011100
29 00011101
30 00011110
31 00011101
32 00011111
-1 10000001
-2 10000010
-3 10000011
-4 10000100
-5 10000101
-6 10000110
-7 10000111
-8 10001000
-9 10001001
-10 10001010
-11 10001011
-12 10001100
-13 10001101
-14 10001110
-15 10001111
-16 10010000
-17 10010001
-18 10010010
-19 10010011
-20 10010100
-21 10010101
-22 10010110
-23 10010111
-24 10011000
-25 10011001
-26 10011010
-27 10011011
-28 10011100
-29 10011101
-30 10011110
-31 10011111